              precision    recall  f1-score   support

           0       0.84      0.93      0.88       460
           1       0.88      0.96      0.91       571
           2       0.75      0.76      0.75       530
           3       0.71      0.78      0.74       500
           4       0.82      0.75      0.78       500
           5       0.67      0.57      0.61       456
           6       0.84      0.79      0.82       462
           7       0.75      0.77      0.76       512
           8       0.66      0.63      0.65       489
           9       0.70      0.69      0.70       520

    accuracy                           0.77      5000
   macro avg       0.76      0.76      0.76      5000
weighted avg       0.76      0.77      0.76      5000
